20
200 184
184 168 48 8 
184 176 8 40 
224 176 8 40 
192 208 8 88 
216 208 8 88 
168 312 80 8 
240 232 8 80 
248 152 8 88 
168 232 8 80 
160 152 8 88 
216 144 40 8 
160 144 40 8 
216 128 8 16 
192 128 8 16 
144 120 56 8 
216 120 56 8 
272 120 8 144 
136 120 8 144 
144 256 8 120 
168 336 80 8 
264 256 8 120 
168 344 8 16 
240 344 8 16 
144 376 56 8 
192 360 8 16 
216 360 8 24 
224 376 48 8 
240 96 8 24 
248 96 56 8 
280 120 48 8 
320 72 8 48 
96 72 224 8 
168 96 8 24 
112 96 56 8 
88 72 8 56 
96 120 40 8 
0 400 408 8 
0 0 8 400 
400 0 8 400 
8 0 392 8 
288 376 96 8 
24 376 104 8 
8 24 88 8 
112 24 192 8 
320 24 80 8 
88 32 8 24 
96 48 104 8 
216 48 112 8 
320 32 8 16 
296 144 48 8 
344 48 8 104 
352 48 32 8 
368 72 32 8 
352 96 32 8 
368 120 32 8 
352 144 32 8 
288 280 8 96 
296 168 8 120 
280 168 16 8 
24 48 48 8 
64 56 8 88 
24 144 96 8 
8 72 40 8 
24 96 40 8 
8 120 40 8 
24 168 112 8 
112 176 8 112 
120 280 8 96 
304 168 80 8 
8 192 88 8 
24 216 88 8 
8 240 88 8 
24 264 88 8 
8 288 88 8 
24 312 96 8 
8 336 96 8 
96 344 8 16 
72 360 8 16 
48 344 8 16 
320 192 80 8 
304 216 80 8 
320 240 80 8 
304 264 80 8 
320 288 80 8 
296 312 88 8 
312 336 88 8 
312 344 8 16 
408 400 8 8 
-8 400 8 8 
0 -8 408 8 
408 0 8 400 
0 408 8 8 
400 408 8 8 
-8 0 8 400 
8 408 392 8 