20
328 336
112 328 8 24 
168 328 8 32 
120 280 8 48 
128 336 8 16 
136 272 8 56 
112 240 8 40 
104 208 8 32 
96 176 8 32 
80 168 16 8 
72 176 8 8 
48 184 24 8 
40 176 8 8 
32 152 8 24 
40 136 8 16 
48 120 8 16 
56 80 8 40 
64 88 8 8 
32 72 24 8 
24 64 24 8 
24 56 16 8 
48 80 8 16 
40 80 8 8 
56 168 8 8 
72 64 8 24 
80 64 8 8 
88 72 8 32 
96 104 8 16 
72 120 8 24 
64 128 8 16 
80 128 8 8 
88 120 8 8 
104 120 8 8 
112 112 8 8 
96 80 8 8 
104 72 16 8 
120 80 8 8 
128 88 8 8 
136 96 8 8 
144 104 8 8 
152 112 8 8 
160 120 8 8 
168 128 8 24 
120 120 8 32 
128 152 8 8 
136 136 8 16 
144 152 8 16 
152 168 8 8 
160 152 8 16 
288 352 64 8 
288 328 8 24 
304 336 8 16 
296 304 8 24 
288 296 8 8 
128 224 8 48 
312 296 8 32 
352 280 8 16 
352 240 8 16 
384 240 8 96 
376 336 8 8 
368 344 8 8 
360 336 8 8 
352 328 8 8 
376 160 8 80 
344 256 8 24 
344 296 8 56 
368 152 8 8 
360 144 8 8 
352 152 8 8 
344 160 8 8 
352 168 8 8 
360 176 8 64 
176 152 8 8 
184 160 104 8 
288 152 56 8 
176 280 8 48 
184 224 8 56 
288 216 8 56 
296 208 8 8 
208 272 64 8 
280 264 8 32 
272 264 8 8 
304 288 8 8 
296 280 8 8 
304 264 8 8 
208 232 8 8 
224 240 8 8 
248 240 8 8 
272 224 8 8 
232 256 16 8 
192 216 8 8 
192 264 16 8 