21
376 376
400 336 8 72 
0 400 400 8 
360 0 8 400 
368 360 16 8 
384 336 16 8 
368 0 40 8 
384 104 8 232 
368 104 16 8 
400 8 8 16 
384 24 24 8 
384 32 8 56 
0 0 8 32 
8 0 352 8 
8 24 88 8 
120 24 112 8 
248 24 96 8 
0 336 8 64 
8 376 48 8 
72 352 8 48 
16 312 16 8 
16 32 8 280 
24 320 8 40 
32 352 40 8 
312 376 48 8 
288 352 8 48 
336 8 8 16 
336 32 8 40 
336 88 24 8 
312 32 8 120 
336 96 8 56 
80 376 192 8 
296 352 48 8 
336 336 8 16 
272 328 72 8 
264 328 8 32 
96 352 168 8 
96 328 8 24 
48 328 48 8 
48 288 8 40 
40 56 8 240 
40 48 56 8 
64 72 48 8 
64 80 8 56 
64 152 8 88 
64 256 8 16 
72 256 8 56 
80 304 40 8 
120 304 8 32 
128 328 120 8 
240 312 8 16 
240 304 96 8 
336 288 8 40 
240 280 104 8 
216 56 8 256 
144 304 72 8 
144 288 8 16 
96 280 56 8 
96 240 8 40 
72 232 32 8 
336 168 8 96 
344 168 16 8 
240 256 96 8 
240 264 8 16 
224 232 88 8 
312 216 8 24 
312 208 24 8 
312 168 8 40 
272 168 40 8 
248 32 8 16 
136 48 160 8 
288 56 8 96 
264 144 24 8 
264 72 8 72 
264 168 8 48 
272 192 24 8 
288 216 8 16 
240 72 8 160 
136 56 8 48 
88 96 48 8 
88 104 8 32 
72 128 16 8 
72 152 24 8 
88 160 8 56 
96 208 104 8 
192 216 8 24 
120 232 72 8 
120 240 8 24 
128 256 72 8 
168 264 8 24 
176 280 24 8 
96 184 104 8 
96 128 24 8 
112 120 32 8 
136 128 8 32 
112 152 8 16 
120 160 24 8 
160 72 8 112 
168 72 16 8 
184 72 8 96 
112 24 8 56 
224 8 8 16 
-8 336 8 72 
400 -8 8 8 
408 400 8 8 
0 -8 400 8 
360 408 8 8 
368 408 40 8 
-8 0 8 8 
-8 8 8 16 
-8 24 8 8 
408 0 8 32 
0 408 8 8 
8 408 352 8 
408 336 8 64 