31
0 0 8 408
168 8 8 400
24 0 384 8
24 400 144 8
176 400 232 8
400 8 8 392
376 8 8 32
352 8 8 8
328 8 8 200
192 368 8 32
216 392 8 8
200 368 24 8
352 32 24 8
192 312 8 40
352 40 8 160
376 56 8 40
376 112 8 88
8 200 160 8
352 200 32 8
216 200 8 168
192 200 8 96
200 200 16 8
240 208 8 192
240 200 88 8
328 224 72 8
328 232 8 64
336 288 48 8
376 248 8 40
352 248 24 8
176 176 72 8
240 112 8 64
192 112 48 8
192 120 8 32
192 152 32 8
264 96 8 88
176 88 112 8
304 224 8 96
312 312 88 8
264 224 40 8
272 176 40 8
304 152 8 24
288 152 16 8
264 232 8 24
272 248 16 8
264 272 8 112
304 24 8 112
272 376 40 8
328 376 56 8
264 24 40 8
192 24 56 8
192 32 8 40
376 336 8 40
216 48 8 40
240 32 8 40
352 320 8 40
328 336 8 40
264 32 8 40
272 64 16 8
304 336 8 40
288 336 16 8
272 272 16 8
288 312 16 8
288 128 16 8
8 24 144 8
144 32 8 152
24 176 120 8
24 48 8 128
32 48 96 8
120 56 8 104
48 152 72 8
48 72 8 80
56 72 48 8
96 80 8 56
72 128 24 8
8 376 144 8
144 224 8 152
24 224 120 8
24 232 8 128
32 352 96 8
120 248 8 104
48 248 72 8
48 256 8 80
56 328 48 8
96 272 8 56
72 272 24 8