31
0 0 96 8
104 0 96 8 
208 0 96 8 
312 0 96 8 
400 24 8 384 
0 24 8 384 
8 400 192 8 
8 104 88 8 
8 296 88 8 
104 104 40 8 
160 104 40 8 
208 104 40 8 
264 104 40 8 
312 104 88 8 
312 296 88 8 
368 200 32 8 
64 200 32 8 
8 200 32 8 
312 200 32 8 
96 0 8 384 
208 400 192 8 
304 0 8 384 
120 224 8 176 
128 224 56 8 
144 232 8 152 
152 376 32 8 
168 352 32 8 
152 328 32 8 
168 304 32 8 
152 280 32 8 
176 256 8 24 
168 256 8 8 
224 224 64 8 
280 232 8 168 
256 232 8 152 
224 376 32 8 
208 352 32 8 
224 328 32 8 
208 304 32 8 
224 280 32 8 
224 256 8 24 
232 256 8 8 
32 184 8 16 
64 184 8 16 
336 184 8 16 
368 184 8 16 
64 224 16 8 
24 224 16 8 
328 224 16 8 
368 224 16 8 
24 264 56 8 
328 264 56 8 
200 200 8 208 
160 136 8 64 
144 128 120 8 
240 136 8 64 
176 144 8 16 
184 144 8 16 
216 144 8 16 
224 144 8 16 
200 160 8 16 
184 184 40 8 
216 176 8 8 
184 176 8 8 
104 200 72 8 
192 200 8 8 
208 200 8 8 
232 200 72 8 
256 136 8 16 
144 136 8 16 
48 328 8 72 
24 328 24 8 
8 352 24 8 
24 376 24 8 
56 328 24 8 
72 352 24 8 
56 376 24 8 
352 328 8 72 
328 232 16 8 
368 232 16 8 
352 248 8 8 
48 248 8 8 
24 232 16 8 
64 232 16 8 
328 328 24 8 
360 328 24 8 
312 352 24 8 
376 352 24 8 
328 376 24 8 
360 376 24 8 
200 0 8 112 
48 24 8 64 
352 24 8 64 
120 48 64 8 
224 48 64 8 
56 48 8 16 
40 48 8 16 
144 40 16 8 
144 56 16 8 
248 40 16 8 
248 56 16 8 
352 128 8 40 
72 112 8 56 
24 112 8 56 
328 112 8 56 
376 112 8 56 
264 176 8 24 
272 176 16 8 
136 176 8 24 
120 176 16 8 
344 48 8 16 
360 48 8 16 
48 128 8 40 