31
120 400 48 8
272 400 56 8
160 392 24 8
264 392 16 8
312 376 8 16
320 360 8 16
328 280 8 80
176 384 96 8
320 392 8 8
112 384 8 24
120 368 8 16
112 352 8 16
88 344 24 8
72 336 16 8
64 320 8 16
72 304 8 16
56 296 16 8
48 288 8 8
40 280 8 8
32 264 8 16
40 248 8 16
32 240 8 8
24 232 8 8
16 224 8 8
8 216 8 8
0 104 8 112
8 104 16 8
24 112 8 8
32 120 8 8
40 128 8 8
48 136 8 8
56 144 8 8
64 152 8 8
72 160 8 8
80 168 8 8
88 176 8 8
80 224 8 8
72 232 8 16
80 248 8 8
88 256 8 8
112 224 24 8
96 184 8 40
320 240 8 40
304 232 16 8
304 224 8 8
312 200 8 24
320 160 8 40
120 192 8 32
112 152 8 40
88 216 8 8
120 120 8 32
312 120 8 40
104 88 48 8
288 96 32 8
96 80 16 8
88 72 16 8
80 64 16 8
72 56 16 8
64 48 16 8
56 40 16 8
56 32 56 8
112 40 40 8
320 32 48 8
368 16 8 16
376 8 8 16
384 8 8 40
392 8 8 32
368 48 16 8
376 40 8 8
360 56 16 8
352 64 16 8
344 72 16 8
336 80 16 8
312 88 32 8
352 24 16 8
56 24 40 8
152 48 24 8
176 56 24 8
200 64 8 8
208 56 32 8
240 64 8 8
248 56 24 8
264 48 32 8
288 40 40 8
280 88 8 8
152 80 8 8
160 112 24 8
152 120 40 8
152 128 40 8
160 136 24 8
248 112 24 8
240 120 40 8
240 128 40 8
248 136 24 8
208 152 24 8
168 184 16 8
184 192 24 8
208 184 24 8
232 192 24 8
256 184 16 8
136 160 8 24
144 160 8 24
152 168 8 8
128 168 8 8
280 168 32 8
288 176 16 8
288 160 16 8
200 240 40 8
208 248 24 8
128 112 8 8
296 104 8 8
304 112 8 8
136 104 8 8
144 96 8 8
112 232 8 32
152 280 8 16
160 296 8 16
168 312 8 8
176 320 16 8
192 280 8 40
184 256 8 24
248 256 8 24
240 280 8 40
248 320 16 8
264 312 8 8
272 296 8 16
280 280 8 16
288 272 8 8
296 256 8 16
144 272 8 8
136 256 8 16
96 264 8 8
104 328 8 16
104 264 8 48
120 -8 48 8
272 -8 56 8
408 104 8 112