31
0 0 408 8
0 24 8 384
400 24 8 384
8 400 392 8
32 48 152 8
24 48 8 72
48 80 8 136
24 136 24 8
24 144 8 64
8 208 24 8
24 216 8 168
32 264 24 8
32 376 56 8
48 272 8 88
56 352 48 8
104 352 8 32
48 232 8 32
56 232 16 8
72 96 8 240
80 328 48 8
128 328 8 56
136 352 48 8
96 304 88 8
96 288 8 16
96 80 8 200
104 256 56 8
120 200 8 40
120 120 8 48
232 24 168 8
232 48 152 8
376 208 24 8
376 216 8 168
232 72 128 8
352 80 8 136
376 136 8 72
360 136 16 8
376 56 8 64
328 96 8 240
352 240 8 120
296 352 56 8
200 8 8 392
136 376 64 8
176 312 8 40
136 328 24 8
176 80 8 200
48 72 136 8
96 280 88 8
152 104 8 56
128 120 8 8
104 96 56 8
128 160 32 8
152 200 8 56
120 192 40 8
224 24 8 32
224 72 8 216
224 304 8 56
232 352 40 8
272 328 8 56
208 376 64 8
248 328 24 8
296 360 8 24
320 376 56 8
280 328 48 8
232 304 80 8
232 280 80 8
304 288 8 16
304 80 8 200
248 96 56 8
248 104 8 64
256 160 32 8
280 128 8 32
272 120 16 8
248 192 40 8
248 256 56 8
248 200 8 56
280 200 8 40
272 232 8 8
8 24 176 8
176 32 8 16
128 232 8 8
360 264 16 8
336 232 24 8