20
368 16
0 0 8 408
8 400 400 8
400 0 8 400
8 0 392 8
352 8 8 40
360 40 24 8
376 48 8 48
376 104 8 272
328 24 8 144
352 104 8 64
352 96 32 8
336 72 40 8
304 24 24 8
280 8 8 160
304 32 8 48
304 96 8 120
288 240 24 8
304 232 8 8
328 376 56 8
304 328 8 72
336 184 16 8
304 248 8 32
352 280 8 80
328 352 24 8
328 360 8 16
312 328 24 8
24 24 240 8
256 32 8 16
24 32 8 352
208 48 56 8
48 48 144 8
48 56 8 16
48 88 8 40
56 88 24 8
72 72 8 16
80 72 128 8
208 56 8 24
48 144 32 8
72 112 8 32
80 112 24 8
96 96 8 16
104 96 136 8
232 72 8 24
240 72 40 8
48 152 8 16
224 184 64 8
256 96 8 88
120 120 136 8
120 128 8 8
96 136 32 8
96 144 8 32
72 168 24 8
72 176 8 16
48 184 24 8
48 208 8 64
48 288 8 96
56 376 232 8
280 328 8 48
264 328 16 8
256 328 8 32
80 352 176 8
72 328 8 32
176 304 160 8
232 312 8 24
96 328 136 8
96 304 8 24
72 304 24 8
56 288 24 8
72 296 8 8
328 312 8 16
56 264 48 8
96 272 8 16
104 280 16 8
120 280 8 32
304 280 48 8
328 184 8 80
352 184 8 80
360 256 16 8
128 304 24 8
144 280 8 24
168 256 8 56
216 280 64 8
280 280 8 24
120 256 48 8
96 232 8 32
104 232 96 8
192 240 8 48
216 232 8 48
72 208 8 40
80 208 200 8
192 216 8 16
224 232 24 8
240 240 8 24
280 208 8 48
248 256 8 8
272 256 16 8
96 192 8 16
120 144 8 48
128 184 40 8
168 144 8 48
192 144 8 64
216 144 8 48
144 144 24 8
144 152 8 16