20
16 360
0 0 8 408 
8 0 400 8 
400 8 8 400 
8 400 392 8 
8 24 192 8 
216 24 168 8 
192 32 8 32 
216 32 8 56 
168 80 48 8 
168 48 8 32 
24 48 144 8 
24 56 8 64 
24 136 8 192 
240 48 144 8 
240 56 8 48 
144 104 104 8 
144 72 8 32 
48 72 96 8 
48 80 8 64 
32 136 16 8 
32 184 24 8 
48 160 8 24 
56 160 16 8 
72 96 8 72 
80 96 48 8 
120 104 8 80 
144 128 8 56 
152 128 136 8 
120 200 8 56 
96 200 24 8 
96 120 8 80 
72 184 24 8 
72 192 8 24 
48 208 24 8 
376 56 8 328 
352 72 8 328 
328 120 8 264 
168 152 136 8 
128 200 24 8 
168 160 8 24 
168 200 32 8 
192 176 8 24 
200 176 88 8 
304 152 8 248 
280 184 8 16 
216 200 72 8 
216 208 8 24 
216 248 8 32 
240 224 48 8 
240 232 8 24 
248 248 40 8 
224 272 64 8 
280 280 8 104 
264 376 16 8 
256 296 8 88 
232 296 8 88 
176 272 40 8 
168 224 48 8 
128 248 88 8 
144 208 8 24 
152 296 80 8 
104 272 56 8
72 232 24 8
208 320 8 80
192 320 16 8
96 320 80 8
128 296 8 24
80 296 48 8
96 232 8 48
48 344 144 8
184 352 8 32
160 368 8 32
136 352 8 32
112 368 8 32
88 352 8 32
64 368 8 32
40 344 8 40
8 344 32 8
48 216 8 128
72 240 8 104
328 72 24 8
328 80 8 24
304 56 8 72
312 120 16 8
264 72 8 56
272 104 32 8
168 304 8 16