20
368 376
8 400 400 8
0 0 408 8
8 24 112 8
352 360 8 40
360 360 24 8
136 24 72 8
224 24 80 8
320 24 64 8
376 8 8 16
376 48 24 8
136 32 8 24
24 48 112 8
256 32 8 24
160 48 80 8
264 48 16 8
296 48 64 8
352 32 8 16
376 56 8 24
360 96 24 8
376 120 24 8
24 56 8 40
24 112 8 56
24 184 8 56
24 256 8 56
24 328 8 56
328 72 8 64
272 56 8 24
280 72 48 8
352 56 8 96
8 256 16 8
400 280 8 120
0 24 8 240
0 280 8 128
376 128 8 8
304 152 80 8
352 176 48 8
304 176 32 8
328 184 8 24
336 200 48 8
328 336 72 8
376 208 8 112
32 376 40 8
88 376 112 8
32 328 16 8
48 280 8 80
56 352 64 8
136 352 88 8
216 360 8 24
32 256 112 8
72 264 8 24
56 304 136 8
96 280 8 24
160 256 32 8
120 264 8 24
160 264 8 24
144 280 16 8
184 280 8 24
160 208 8 48
48 232 112 8
8 184 16 8
32 208 24 8
72 136 8 96
32 184 40 8
184 256 16 8
192 280 120 8
216 232 8 48
184 232 32 8
184 192 8 40
144 184 48 8
136 184 8 32
96 208 40 8
96 184 8 24
104 184 16 8
80 160 200 8
208 168 8 48
216 208 32 8
224 232 64 8
240 208 16 8
272 208 40 8
304 216 8 48
352 224 8 112
328 224 24 8
400 24 8 240
240 256 64 8
312 256 24 8
328 264 8 72
208 304 120 8
184 312 8 24
192 328 120 8
304 336 8 24
304 360 48 8
304 368 8 16
224 376 16 8
240 352 8 32
248 376 40 8
264 336 8 24
272 352 16 8
56 328 112 8
32 160 24 8
272 192 8 16
232 184 48 8
272 168 8 16
32 112 24 8
48 72 8 40
56 72 88 8
160 72 112 8
160 80 8 24
296 152 8 40
304 96 8 56
272 144 8 16
272 136 16 8
280 96 8 40
256 96 24 8
256 104 8 16
248 112 8 32
232 136 16 8
208 80 8 80
48 136 24 8
72 80 8 40
80 112 16 8
96 112 8 32
104 136 88 8
120 96 40 8
96 80 8 16
120 120 8 16
144 104 8 16
168 120 8 16
184 80 8 40
232 112 16 8
232 96 8 16
336 128 16 8