20
184 208
0 0 8 408
8 0 400 8
400 8 8 400
8 400 392 8
8 24 376 8
376 32 8 344
16 376 368 8
24 40 8 336
32 48 336 8
352 56 8 304
48 352 304 8
48 72 8 280
56 72 280 8
328 80 8 256
72 328 256 8
72 96 8 232
80 96 232 8
304 104 8 208
96 304 208 8
96 120 8 184
104 120 192 8
280 128 8 168
112 280 168 8
120 144 8 136
128 144 136 8
256 152 8 112
144 256 112 8
144 168 8 88
152 168 88 8
232 176 8 64
168 232 64 8
168 192 8 40
176 192 40 8
208 200 8 16
256 8 8 8
312 16 8 8
368 8 8 8
392 56 8 8
384 112 8 8
392 168 8 8
384 224 8 8
392 280 8 8
384 336 8 8
336 384 8 8
272 392 8 8
208 384 8 8
144 392 8 8
80 384 8 8
8 304 8 8
16 232 8 8
8 160 8 8
16 88 8 8
96 32 8 8
160 40 8 8
232 32 8 8
296 40 8 8
368 120 8 8
360 192 8 8
368 272 8 8
360 344 8 8
328 368 8 8
264 360 8 8
200 368 8 8
136 360 8 8
64 368 8 8
32 296 8 8
40 224 8 8
32 152 8 8
40 80 8 8
104 112 8 8
168 104 8 8
232 112 8 8
296 176 8 8
288 232 8 8
216 296 8 8
152 288 8 8
104 208 8 8
112 144 8 8